11582
11561
11568
9502C
9504C
9516D
9518
9521
9528
9511
5756
5757
9575
19503
9816
9876
9918
9956
9985
9927
5784
5797
19554
9982
5764
5765
5712
5716
5718
5720
5659
5667
5662
5664
5671
5719
5736
5737
5738
5657
5725
5728
5669
19514
9935
5656
5726
5734
19510
19513
9830
9842
9537
9568
9550
9551
5695
9567
9877
5619
5951
5962
5953
5964
5631
5635
5632
5633
5634
5955
5963
9571
19538
19563
19601
9950
5629
5606
5607
5746
5745
9501B
9574
9892
9893
5643
5674
5688
9558
9597
9888
9889
9890
9891
19558
5506
5516
11303
11304
11305
8839
9801
9843
9580
5544
5539
5546
5547
5563
5557
5912
66537
3955
3959
3983
3956
3957
3958
3960
3973
3974
3975
3979
3980
3981
3982
3473
3536
3539
3540
3588
3738
3739
3757
3761
3762
3774
3775
3777
3787
3788
3795
3796
3798
3814
3880
3881
3925
3926
3972
3865
3789
3810
3860
3863
3882
3883
3927
3928
3965
3966
3967
3969
3951
3990
3991
3996
3584
3622
3672
3676
3692
3730
3731
3760
3776
3782
3783
3786
3797
3970
3694
3843
3844
3847
3850
3851
3856
3857
3858
3867
3929
3930
3976
3977
3978
3586
3589
3591
3592
3724
3725
3726
3727
3772
3773
3812
3813
3820
3821
3822
3848
3849
3859
3862
3864
3866
3884
3887
3888
3889
3464
3993
3852
3853
3878
4289
4303
4370
4291
4309
4313
4315
4318
4321
4325
4329
4341
4345
4350
4351
4352
4353
4357
4361
4363
4365
4285
4381
4234
4249
4257
4259
4333
4354
4374
4735
4756
4757
4761
4762
4766
4728
4707
4749
4753
4750
4755
4720
4722
4692
4723
4724
4731
